initial date = 2023 1 1 0 0 0.0000e+00 
a = 2.0000000000000000e+04 
e = 1.0000000000000001e-01 
incl = 2.0000000000000000e+01 
om = 0.0000000000000000e+00 
OM = 4.0000000000000000e+01 
nu = 0.0000000000000000e+00
angularvelocity = 0.0000000000000000e+00 1.0000000000000001e-01 5.0000000000000000e+00 
anglestype = eu313
angles = 0.0000000000000000e+00 2.0000000000000000e+01 8.0000000000000000e+01
